gen	nevals	avg    	std    	med    	min    	max
0  	100   	3391.63	12.7782	3388.18	3374.04	3431.72
1  	65    	3382.78	9.32582	3382.79	3374.04	3417.57
2  	63    	3378.09	6.13874	3374.96	3374.04	3410.15
3  	57    	3378.33	9.62505	3374.04	3374.04	3427.85
4  	46    	3377.48	8.29851	3374.04	3374.04	3419.68
5  	74    	3380.07	9.82599	3374.04	3374.04	3426.54
6  	57    	3377.14	7.21507	3374.04	3374.04	3417.08
7  	61    	3378.45	8.7356 	3374.04	3374.04	3432.17
8  	42    	3376.21	5.62926	3374.04	3374.04	3411.78
9  	70    	3379.15	7.41559	3374.04	3374.04	3404.6
10 	54    	3377.54	6.62534	3374.04	3374.04	3425.06
11 	57    	3377.48	5.91331	3374.04	3374.04	3408.12
12 	59    	3377.9 	7.79926	3374.04	3374.04	3420.92
13 	62    	3378.16	6.07934	3374.04	3374.04	3401.1
14 	67    	3379.41	9.9194 	3374.04	3374.04	3445.76
15 	58    	3377.98	5.94624	3374.04	3373.9 	3403.99
16 	54    	3376.89	5.44633	3374.04	3373.9 	3397.69
17 	67    	3379.44	8.14944	3374.04	3372.9 	3410.06
18 	69    	3380.8 	9.93301	3374.04	3370.86	3422.87
19 	65    	3376.56	7.38938	3372.9 	3370.86	3415.05
20 	64    	3377.63	10.4177	3372.9 	3367.2 	3433.69
21 	64    	3375.65	9.07166	3372.9 	3367.2 	3419.83
22 	55    	3374.47	10.1825	3369.93	3365.94	3427.15
23 	61    	3373.63	9.36978	3368.74	3365.94	3401.5
24 	59    	3372.45	10.7632	3367.2 	3364.13	3410.83
25 	65    	3371.18	8.28812	3365.94	3364.13	3400.19
26 	66    	3372.19	10.9284	3365.94	3364.13	3415.14
27 	52    	3371.41	9.30987	3365.94	3364.13	3405.42
28 	67    	3370.9 	9.49809	3365.94	3362.68	3414.77
29 	63    	3370.81	10.654 	3365.81	3361.53	3421.11
30 	63    	3371.28	10.8025	3364.13	3361.53	3401.95
31 	65    	3370.71	9.84188	3366.57	3361.53	3401.8
32 	45    	3372.79	21.7301	3362.04	3360.68	3467.1
33 	62    	3372.68	14.235 	3369.33	3360.58	3434.94
34 	66    	3372.01	14.2243	3363.83	3360.58	3415.1
35 	56    	3369.06	10.9891	3361.53	3360.58	3405.54
36 	55    	3367.14	9.0131 	3360.68	3360.58	3396.81
37 	53    	3369.05	12.651 	3360.58	3359.76	3412.67
38 	59    	3374.55	16.9877	3368.08	3359.76	3421.29
39 	56    	3369.02	11.1401	3360.71	3359.76	3396.28
40 	57    	3374.54	18.7493	3366.02	3359.76	3427.95
41 	65    	3375.9 	16.7244	3374.29	3357.43	3422.54
42 	53    	3376.65	24.0708	3362.32	3357.43	3438.4
43 	63    	3375.12	18.0953	3370.92	3357.43	3423.58
44 	64    	3372.39	16.5589	3366.51	3357.43	3420.82
45 	62    	3368.88	13.3288	3366.2 	3353.57	3399.54
46 	66    	3371.59	17.4187	3362.86	3353.57	3420.03
47 	63    	3368.74	14.7461	3362.19	3353.57	3418.9
48 	58    	3369.79	17.4758	3361.97	3353.57	3421.5
49 	46    	3366.16	16.0305	3356.74	3353.57	3417.07
50 	68    	3371.25	16.7667	3373.35	3353.57	3432.96