gen	nevals	avg    	std    	med    	min    	max
0  	100   	3391.63	12.7782	3388.18	3374.04	3431.72
1  	35    	3381.21	9.22168	3375.88	3374.04	3417.23
2  	30    	3377.7 	6.99042	3374.96	3374.04	3409.29
3  	44    	3378.39	8.14264	3374.04	3374.04	3412.48
4  	30    	3377.32	7.01938	3374.04	3374.04	3409.65
5  	44    	3378.15	8.33985	3374.04	3374.04	3421.69
6  	38    	3376.53	5.67985	3374.04	3374.04	3400.68
7  	36    	3376.98	6.10021	3374.04	3372.9 	3404.29
8  	40    	3377.16	6.95331	3374.04	3372.9 	3408.95
9  	41    	3377.43	6.97885	3374.04	3372.9 	3405.3
10 	40    	3378.34	9.72168	3372.9 	3372.9 	3409.29
11 	27    	3376.73	9.43621	3372.9 	3372.9 	3420.91
12 	41    	3377.57	9.00298	3372.9 	3369.82	3421.79
13 	37    	3377.01	10.6088	3372.9 	3369.82	3419.79
14 	34    	3376.88	12.9756	3372.9 	3369.82	3450.27
15 	37    	3377.24	11.5569	3372.9 	3369.82	3437.81
16 	33    	3374.83	9.68614	3369.82	3369.2 	3422.25
17 	48    	3375.45	10.7722	3369.82	3369.2 	3420.22
18 	40    	3375   	9.18699	3369.82	3367.2 	3411.87
19 	44    	3376.84	13.2506	3369.2 	3367.2 	3453.44
20 	43    	3375.18	9.77592	3369.2 	3364.98	3407.08
21 	41    	3373.85	11.8146	3369.2 	3364.98	3424.3
22 	29    	3372.46	10.0506	3367.2 	3364.98	3408.48
23 	36    	3373.51	12.0066	3367.2 	3364.98	3411.4
24 	34    	3370.76	11.1328	3364.98	3364.98	3405.01
25 	38    	3370.23	11.1007	3364.98	3364.98	3411.99
26 	43    	3372.7 	11.4081	3364.98	3364.98	3415.85
27 	38    	3373.44	14.0626	3364.98	3364.98	3426.89
28 	36    	3371.31	11.3116	3364.98	3364.98	3417.78
29 	44    	3373.75	12.8124	3364.98	3364.98	3407.31
30 	38    	3371.78	11.4579	3364.98	3364.98	3409.72
31 	41    	3369.65	9.23075	3364.98	3364.98	3412.65
32 	38    	3371.3 	10.5687	3364.98	3364.55	3411.43
33 	35    	3369.54	8.62901	3364.98	3364.55	3401.1
34 	37    	3370.38	9.8676 	3364.98	3364.55	3406.24
35 	32    	3370.75	10.8504	3364.98	3364.55	3411.05
36 	33    	3370.42	10.7445	3364.55	3364.55	3405.82
37 	37    	3371.27	12.213 	3364.55	3364.55	3411.37
38 	38    	3372.71	14.4141	3364.55	3364.55	3430.02
39 	31    	3369.84	10.0578	3364.55	3364.55	3400.89
40 	33    	3370.78	11.7954	3364.55	3364.55	3412.27
41 	32    	3371   	11.1625	3364.55	3364.55	3406.41
42 	34    	3370.19	11.5378	3364.55	3364.55	3419.18
43 	31    	3370.25	11.4832	3364.55	3364.55	3415.86
44 	37    	3370.41	11.8783	3364.55	3364.55	3422.86
45 	38    	3372.7 	14.3152	3364.55	3364.55	3428.43
46 	34    	3370.77	11.5373	3364.55	3364.55	3414.02
47 	30    	3370.26	11.0949	3364.55	3364.55	3409.26
48 	29    	3369.28	10.4395	3364.55	3364.55	3410.5
49 	27    	3370.96	12.4248	3364.55	3364.55	3415.29
50 	41    	3372.75	13.3145	3364.55	3364.55	3416.72